maxerr = 8.18154e-08

    7040.81   0.274327    9272.68    18.3597    9.73046    22.7328
   0.274327    629.883    308.258     24.557   -0.73212   -2.69058
    9272.68    308.258    46248.8    458.786    6619.92     3191.2
    18.3597     24.557    458.786    1826.09    89.1066    763.301
    9.73046   -0.73212    6619.92    89.1066    2803.21    -183.38
    22.7328   -2.69058     3191.2    763.301    -183.38    17802.8

          0 8.18154e-08 -8.33021e-12 2.78602e-08 -1.48833e-10 1.43951e-09
 -8.18154e-08          0 4.23326e-10 1.58965e-08 2.50651e-08 8.89424e-09
 8.33021e-12 -4.23326e-10          0 5.04671e-10 1.01896e-11 3.4779e-11
 -2.78602e-08 -1.58965e-08 -5.04671e-10          0 -1.5756e-09 1.85439e-10
 1.48833e-10 -2.50651e-08 -1.01896e-11 1.5756e-09          0 -1.07458e-10
 -1.43951e-09 -8.89424e-09 -3.4779e-11 -1.85439e-10 1.07458e-10          0
