corr matrix
 1 -0.674153 -0.20901 0.198756 0.130038 0.083151 0.0609746 -0.458221 -0.683623 -0.401939 -0.247695 -0.00442223 0.280041 0.359415 0.341572 0.291584 -0.0484927 -0.145631 -0.135031 0.0363767 -0.0688 -0.214729 -0.355825 -0.256464 -0.491345 -0.491496 -0.356889 -0.102788 0.317992 0.474049 0.317043 0.098852 -0.0764902 -0.0959233 -0.17506 -0.241761 -0.221525 0.0179285 0.141204 0.129041 -0.0349571 0.0488945 0.140682 0.270717 0.191919 0.317555 0.385791 0.252546 0.101578 0.0738461 0.117079 0.108828 -0.0102132 -0.0239981 -0.0976018 -0.0529982 -0.101392 -0.122551 0.052057 0.106356 0.0846018 0.0555148 0.0895542 0.0820891 0.162453 0.13899 0.0393518 0.157831 0.115366
 -0.674153 1 0.187669 -0.137842 -0.306328 -0.0768917 -0.099223 0.298684 0.455554 0.25884 0.125481 -0.0761252 -0.110077 -0.184453 -0.236029 -0.191358 0.00859627 0.104629 0.0894366 -0.0359158 0.0425203 0.147667 0.235908 0.155554 0.311904 0.328279 0.23233 0.0913172 -0.49707 -0.702379 -0.511572 -0.109174 0.271414 0.391215 0.410733 0.273678 0.121855 -0.120187 -0.336487 -0.310008 -0.106437 -0.194038 -0.275909 -0.459055 -0.369251 -0.494179 -0.600057 -0.420388 -0.0914254 -0.0642292 -0.102952 -0.0974834 0.0151001 0.0344238 0.099947 0.069113 0.0585103 0.0873816 -0.0383638 -0.0976181 -0.0770664 -0.0514562 -0.0788493 -0.0663536 -0.145775 -0.124809 -0.0319372 -0.140951 -0.102839
 -0.20901 0.187669 1 -0.0665493 -0.0609482 -0.482323 0.0249749 0.0959698 0.142107 0.0939432 0.0458361 -0.00275829 -0.0987958 -0.043669 -0.10993 -0.137335 0.036298 0.0539798 0.0497697 0.0182695 0.0409261 0.0647136 0.0925335 0.0721813 0.0845868 0.113525 0.0927244 -0.0186201 -0.0883031 -0.128871 -0.101881 -0.0161799 0.0327839 0.0865237 0.066679 0.0540338 0.108911 -0.0319366 -0.0706625 -0.0654434 -0.0269944 -0.0467043 -0.0563475 -0.0981003 -0.0801525 -0.0686875 -0.119561 -0.0919582 -0.476786 -0.289702 -0.513923 -0.464627 0.248117 0.283973 0.325006 0.389233 0.369189 0.373637 -0.240812 -0.529712 -0.373088 -0.359513 -0.518544 -0.416685 -0.769725 -0.638935 -0.0961563 -0.747833 -0.51115
 0.198756 -0.137842 -0.0665493 1 0.05369 0.0324196 0.053533 -0.0850672 -0.13428 -0.0637112 -0.0321647 0.0481583 0.112529 -0.0736368 0.200557 0.176287 -0.192587 -0.0286686 -0.00209743 0.0416765 -0.0220615 -0.123721 -0.129775 -0.0384399 -0.13511 -0.179824 -0.197109 -0.0533449 0.0601792 0.0955043 0.0511173 0.00642785 -0.0466041 -0.0407488 0.0197574 -0.138564 -0.138297 0.16732 0.0297103 0.00545073 -0.0363235 0.0187599 0.100157 0.111191 0.0281068 0.103495 0.15516 0.17384 0.0324794 0.0236464 0.0371996 0.0344105 -0.00559572 -0.0111698 -0.0329227 -2.31072e-05 -0.0488537 -0.0573624 0.0389129 0.0360975 0.0271191 0.0180152 0.0338694 0.0424397 0.0541763 0.0444012 0.0206719 0.0567795 0.043318
 0.130038 -0.306328 -0.0609482 0.05369 1 0.0389376 -0.0142362 -0.0689301 -0.0916086 -0.0335275 0.0472454 0.113724 0.0604874 0.105303 0.0396202 0.0574174 -0.0180238 -0.0771666 -0.0376513 -0.00601736 -0.0664612 -0.150879 -0.099763 -0.0385188 -0.0732556 -0.0938052 -0.110344 0.0497642 0.176403 0.226657 0.147486 -0.0612012 -0.218823 -0.183839 -0.23268 -0.020049 -0.0218551 0.0754658 0.174792 0.132249 0.0714689 0.14309 0.240365 0.206939 0.135374 0.175767 0.222164 0.207612 0.0332617 0.0234691 0.0344305 0.0311524 -0.015831 -0.0249044 -0.0433618 -0.0357653 -0.0133464 -0.0254952 0.0196097 0.0405029 0.0283935 0.0244491 0.0427784 0.0647285 0.0504963 0.0412168 0.0132579 0.0498349 0.0385219
 0.083151 -0.0768917 -0.482323 0.0324196 0.0389376 1 -0.0134059 -0.0382931 -0.0558315 -0.0370089 -0.00412976 0.0201725 0.0472268 0.0195197 0.0490238 0.0654411 -0.0242476 -0.0299004 -0.0241127 -0.0223489 -0.0331639 -0.0467739 -0.0397131 -0.0290864 -0.0247862 -0.0484597 -0.0401537 0.0107898 0.0366141 0.051606 0.0414806 -0.0107152 -0.0334842 -0.0425486 -0.0311443 -0.0245137 -0.0525313 0.0278422 0.0388305 0.0318941 0.0286723 0.0414496 0.0581965 0.0436913 0.0334241 0.0177578 0.053287 0.0416318 0.312214 0.154838 0.240832 0.240751 -0.33112 -0.33732 -0.146037 -0.15444 -0.152627 -0.170519 0.211967 0.328621 0.259168 0.278936 0.339937 0.317294 0.405283 0.334451 -0.00952511 0.388481 0.290119
 0.0609746 -0.099223 0.0249749 0.053533 -0.0142362 -0.0134059 1 0.024008 0.0426437 0.0195803 0.00534163 -0.0162644 -0.0518569 -0.0783326 -0.0512453 -0.0465524 -0.0294552 -0.00554295 -0.00494623 -0.0223405 -0.0139843 -0.00392027 0.0105024 0.00624161 0.0237742 0.020734 0.00595116 -0.78195 0.0662826 0.0765511 0.0704515 0.0478212 0.0348533 0.0293565 0.0479678 0.0548766 0.0662496 0.0709286 0.0687024 0.0669297 0.064902 0.0629353 0.058933 0.0697126 0.0667808 0.0690041 0.0769332 0.0698439 -0.0519818 -0.00856809 -0.0138198 -0.0129094 0.00266897 0.00418919 0.0133675 0.00871738 0.0134827 0.0160037 -0.00435904 -0.0124972 -0.0101086 -0.00635796 -0.0101902 -0.0087724 -0.0192831 -0.0165891 -0.00326455 -0.0183461 -0.0132651
 -0.458221 0.298684 0.0959698 -0.0850672 -0.0689301 -0.0382931 0.024008 1 0.517837 0.324144 0.221986 0.0664695 -0.106667 -0.158079 -0.139782 -0.111038 0.0816568 0.151193 0.146163 0.0383962 0.101776 0.190844 0.287228 0.225671 0.382515 0.378623 0.28391 0.0618586 -0.691833 -0.208412 -0.134542 -0.0353323 0.0458145 0.0534761 0.0959235 0.129357 0.122264 0.00821937 -0.0510151 -0.0454515 0.0326952 -0.00820121 -0.0535671 -0.112977 -0.0755937 -0.13557 -0.166324 -0.104488 -0.046053 -0.102772 -0.0535935 -0.0498272 0.00522753 0.0120392 0.0500522 0.0271692 0.0516426 0.0623692 -0.0223492 -0.0479852 -0.0382627 -0.0234776 -0.0394752 -0.03653 -0.0744067 -0.0636623 -0.0172548 -0.0721768 -0.0526775
 -0.683623 0.455554 0.142107 -0.13428 -0.0916086 -0.0558315 0.0426437 0.517837 1 0.464892 0.321139 0.102396 -0.138463 -0.20568 -0.186288 -0.146172 0.126795 0.221227 0.214021 0.0631116 0.152098 0.277581 0.413395 0.325967 0.547785 0.542856 0.409544 0.0752941 -0.213211 -0.571932 -0.21213 -0.0638479 0.0558532 0.0686467 0.12466 0.171336 0.158297 -0.00654832 -0.0912956 -0.083007 0.029775 -0.0282365 -0.091964 -0.180504 -0.126324 -0.212828 -0.259133 -0.168139 -0.0687874 -0.0500668 -0.1128 -0.0739529 0.00684571 0.0164083 0.0682443 0.0369638 0.0707947 0.0855596 -0.0347919 -0.0719409 -0.0572597 -0.0369071 -0.0601971 -0.0552982 -0.110362 -0.0944334 -0.0265736 -0.107192 -0.0783194
 -0.401939 0.25884 0.0939432 -0.0637112 -0.0335275 -0.0370089 0.0195803 0.324144 0.464892 1 0.200858 0.0618845 -0.0975751 -0.1457 -0.127358 -0.100889 0.0691088 0.132908 0.129763 0.0328074 0.0882108 0.165845 0.255004 0.201781 0.342282 0.337741 0.250878 0.0591074 -0.116226 -0.179967 -0.727223 -0.0322469 0.0362207 0.0442084 0.0827288 0.118028 0.112066 0.0139097 -0.0388034 -0.035278 0.0337553 -0.000981907 -0.0388283 -0.093524 -0.0624684 -0.115048 -0.141061 -0.0850817 -0.0454438 -0.0330461 -0.0525862 -0.0679113 0.00433866 0.0104346 0.0444775 0.0242365 0.0468041 0.0562738 -0.0224195 -0.0473165 -0.0378043 -0.0243132 -0.0393483 -0.0351939 -0.072837 -0.0624185 -0.0172466 -0.0706132 -0.0514962
 -0.247695 0.125481 0.0458361 -0.0321647 0.0472454 -0.00412976 0.00534163 0.221986 0.321139 0.200858 1 0.0463155 -0.0754665 -0.111289 -0.0977409 -0.0765513 0.038908 0.0829886 0.0838273 0.0152029 0.0509725 0.100827 0.169321 0.13596 0.234671 0.229038 0.165034 0.0585091 -0.0475191 -0.0842255 -0.0478404 -0.6019 0.0176307 0.0237628 0.0511994 0.0941303 0.0923183 0.0335544 0.00587627 0.00470951 0.0467833 0.0277655 0.00780672 -0.0291692 -0.0136936 -0.0468225 -0.0584951 -0.0239205 -0.0198768 -0.0156337 -0.025889 -0.0238909 -0.0506463 0.000436271 0.0284624 0.0132388 0.0320507 0.0379705 -0.00715922 -0.0198886 -0.0163692 -0.00619049 -0.0135939 -0.0102998 -0.0345611 -0.0299781 -0.00883551 -0.0333874 -0.023976
 -0.00442223 -0.0761252 -0.00275829 0.0481583 0.113724 0.0201725 -0.0162644 0.0664695 0.102396 0.0618845 0.0463155 1 -0.046962 -0.0733253 -0.0535708 -0.0424993 -0.0151922 0.00871831 0.0141623 -0.0122308 -0.00454214 0.00495017 0.038972 0.0352111 0.0689741 0.0618661 0.0326356 0.0572464 0.0563487 0.0605766 0.0561312 0.0238296 -0.532052 0.00522376 0.0213363 0.0592201 0.0658414 0.0704736 0.0714372 0.0647285 0.0668646 0.0693817 0.0733813 0.0677081 0.0605206 0.0583722 0.0677293 0.0698776 0.00470342 0.00183648 0.00128964 0.00141828 -0.00743089 -0.0721465 0.00891335 0.002236 0.0126161 0.0140804 0.00739165 0.0063462 0.0041991 0.00923238 0.00993417 0.0125555 0.00371376 0.00254872 0.000685877 0.00402153 0.00360809
 0.280041 -0.110077 -0.0987958 0.112529 0.0604874 0.0472268 -0.0518569 -0.106667 -0.138463 -0.0975751 -0.0754665 -0.046962 1 -0.0573604 -0.0266047 -0.0271219 -0.0804918 -0.0737851 -0.0687087 -0.0539851 -0.0681705 -0.09053 -0.10121 -0.0815184 -0.114038 -0.119351 -0.107215 0.0276571 0.0649621 0.0818121 0.0654889 0.0274356 0.000447344 -0.299004 0.00895805 0.0132634 0.0182936 0.0601614 0.0593727 0.0534272 0.040661 0.0506241 0.0629298 0.0716113 0.0570602 0.0684541 0.0835854 0.0754651 0.0541692 0.0388877 0.0565865 0.0525364 -0.00405264 -0.00633518 -0.222202 -0.00255977 -0.00227641 -0.00338876 0.0388583 0.0591387 0.0459473 0.0457825 0.0592356 0.0535295 0.0788995 0.0672461 0.0246683 0.07753 0.0575589
 0.359415 -0.184453 -0.043669 -0.0736368 0.105303 0.0195197 -0.0783326 -0.158079 -0.20568 -0.1457 -0.111289 -0.0733253 -0.0573604 1 -0.061407 -0.0605886 -0.065806 -0.104692 -0.102541 -0.0798546 -0.0926511 -0.111053 -0.133069 -0.119786 -0.159331 -0.155062 -0.12537 0.0463315 0.108263 0.137008 0.110216 0.0462178 0.00354915 -0.00129805 -0.438419 0.0364656 0.0477192 0.0478381 0.0931354 0.0889826 0.0665401 0.0748844 0.0812098 0.101279 0.0935782 0.103458 0.11698 0.089658 0.0241711 0.0174254 0.0251149 0.0232537 -0.0018297 -0.00314759 -0.000727435 -0.095107 0.00376842 0.00302381 0.0145608 0.0266327 0.0205787 0.0209528 0.0268471 0.0246913 0.0347734 0.0297613 0.0103027 0.0337079 0.0249616
 0.341572 -0.236029 -0.10993 0.200557 0.0396202 0.0490238 -0.0512453 -0.139782 -0.186288 -0.127358 -0.0977409 -0.0535708 -0.0266047 -0.061407 1 -0.0107332 -0.104597 -0.087287 -0.0808506 -0.0561178 -0.0779781 -0.112202 -0.131785 -0.101998 -0.152614 -0.160825 -0.142765 0.0394092 0.133498 0.173562 0.136641 0.066173 0.0149093 0.00634608 0.0219683 -0.677068 0.0231256 0.103797 0.1077 0.0997809 0.067298 0.0858171 0.106751 0.137546 0.111353 0.140079 0.167808 0.141773 0.0593669 0.0429092 0.0629205 0.0583979 -0.00331516 -0.00631529 -0.00503036 -0.00286187 -0.216774 -0.0103652 0.0432608 0.0646446 0.0502957 0.0485168 0.0638624 0.0577351 0.0875971 0.0746333 0.0278484 0.0863246 0.0640651
 0.291584 -0.191358 -0.137335 0.176287 0.0574174 0.0654411 -0.0465524 -0.111038 -0.146172 -0.100889 -0.0765513 -0.0424993 -0.0271219 -0.0605886 -0.0107332 1 -0.0913605 -0.0742557 -0.0676839 -0.050004 -0.0681321 -0.0966543 -0.108225 -0.0829113 -0.121206 -0.129816 -0.118388 0.0374918 0.109748 0.141163 0.111801 0.0512227 0.00772733 0.00140755 0.0167599 0.0125384 -0.785005 0.0916056 0.0928757 0.0850108 0.0601576 0.0761195 0.094817 0.116158 0.0933455 0.115183 0.139445 0.12085 0.0748727 0.0537403 0.0785448 0.0729655 -0.00560142 -0.00892631 -0.00378741 -0.00408567 -0.0066547 -0.279703 0.0535498 0.0815042 0.0634481 0.0623144 0.0810286 0.0727658 0.109534 0.0933754 0.0339684 0.107646 0.0798487
 -0.0484927 0.00859627 0.036298 -0.192587 -0.0180238 -0.0242476 -0.0294552 0.0816568 0.126795 0.0691088 0.038908 -0.0151922 -0.0804918 -0.065806 -0.104597 -0.0913605 1 0.0188546 0.0132545 -0.0236746 0.00453313 0.0455387 0.0711941 0.0403225 0.095266 0.102188 0.0821711 0.0576515 0.0114573 -0.000702148 0.0161017 0.0241543 0.038223 0.0349535 0.0410663 0.0887016 0.0950617 -0.849196 0.0341037 0.038449 0.058397 0.0393099 0.0127594 0.00721963 0.0284118 0.0040894 -0.00620031 -0.00472506 -0.0174155 -0.01187 -0.0197191 -0.0185059 0.00620931 0.00923975 0.0251961 0.0108464 0.0291982 0.0344451 -0.11413 -0.0181079 -0.0143247 -0.00766256 -0.0148089 -0.0158861 -0.0286117 -0.0240268 -0.0058116 -0.0282991 -0.0209085
 -0.145631 0.104629 0.0539798 -0.0286686 -0.0771666 -0.0299004 -0.00554295 0.151193 0.221227 0.132908 0.0829886 0.00871831 -0.0737851 -0.104692 -0.087287 -0.0742557 0.0188546 1 0.0524158 0.000630077 0.0327885 0.077294 0.118718 0.0887913 0.160027 0.15906 0.117062 0.0442379 -0.0412797 -0.0707637 -0.0377319 0.00552231 0.0424928 0.0422022 0.0687001 0.0783042 0.0797952 0.0252654 -0.858891 0.000114921 0.0356627 0.013848 -0.0120105 -0.0319029 -0.0131708 -0.0402831 -0.0530855 -0.0288817 -0.0265969 -0.0186008 -0.029829 -0.0278571 0.00655771 0.0104559 0.0297092 0.0175061 0.0293302 0.0355743 -0.0128404 -0.110535 -0.0220798 -0.0142876 -0.0235336 -0.0228531 -0.0421741 -0.0359118 -0.00843112 -0.0407987 -0.0298695
 -0.135031 0.0894366 0.0497697 -0.00209743 -0.0376513 -0.0241127 -0.00494623 0.146163 0.214021 0.129763 0.0838273 0.0141623 -0.0687087 -0.102541 -0.0808506 -0.0676839 0.0132545 0.0524158 1 0.00121326 0.0294705 0.0682185 0.111445 0.086129 0.153649 0.150734 0.107743 0.0448816 -0.0330126 -0.0596941 -0.030774 0.00329697 0.0329178 0.0340894 0.0602527 0.0741162 0.0754589 0.0323289 0.003845 -0.836051 0.0376061 0.0198968 -0.000219031 -0.0211967 -0.00724482 -0.0310439 -0.0407089 -0.0166216 -0.0241754 -0.0171734 -0.027612 -0.025759 0.00443161 0.00785729 0.0266483 0.0155461 0.0270298 0.0325405 -0.01088 -0.025064 -0.0752714 -0.0125281 -0.0206563 -0.018877 -0.0386196 -0.0330493 -0.00789809 -0.0372434 -0.0271295
 0.0363767 -0.0359158 0.0182695 0.0416765 -0.00601736 -0.0223489 -0.0223405 0.0383962 0.0631116 0.0328074 0.0152029 -0.0122308 -0.0539851 -0.0798546 -0.0561178 -0.050004 -0.0236746 0.000630077 0.00121326 1 -0.00949707 0.00371602 0.0221925 0.0154942 0.0392027 0.0363801 0.0179723 0.0433101 0.0313356 0.030286 0.0339401 0.02809 0.0269082 0.0245167 0.0431085 0.0523459 0.0594077 0.053382 0.0433835 0.0420488 -0.855221 0.0442315 0.03789 0.0377814 0.0384875 0.034079 0.0367452 0.0399126 -0.00912092 -0.00523683 -0.0093581 -0.00905343 0.0074541 0.00895175 0.0170084 0.0110913 0.0171863 0.0202197 -0.00225238 -0.0089201 -0.00737381 -0.142176 -0.00658819 -0.0059365 -0.0142518 -0.0120799 0.000437228 -0.01334 -0.0095974
 -0.0688 0.0425203 0.0409261 -0.0220615 -0.0664612 -0.0331639 -0.0139843 0.101776 0.152098 0.0882108 0.0509725 -0.00454214 -0.0681705 -0.0926511 -0.0779781 -0.0681321 0.00453313 0.0327885 0.0294705 -0.00949707 1 0.0493649 0.0788553 0.0562861 0.108101 0.107941 0.07793 0.0448492 -0.00906042 -0.0260602 -0.00500232 0.019194 0.0417612 0.0393355 0.0614147 0.0704008 0.0750988 0.0340214 0.0163569 0.0192277 0.0428249 -0.837232 0.00561115 -0.00337973 0.0102046 -0.00826917 -0.0157748 -0.00263418 -0.0206515 -0.0135192 -0.0220996 -0.0208585 0.00942111 0.0124992 0.0261795 0.0160188 0.0258465 0.0311073 -0.00982683 -0.0214767 -0.0170543 -0.0110119 -0.156649 -0.0182681 -0.032238 -0.0272678 -0.00450693 -0.0310743 -0.0227867
 -0.214729 0.147667 0.0647136 -0.123721 -0.150879 -0.0467739 -0.00392027 0.190844 0.277581 0.165845 0.100827 0.00495017 -0.09053 -0.111053 -0.112202 -0.0966543 0.0455387 0.077294 0.0682185 0.00371602 0.0493649 1 0.159013 0.113107 0.205577 0.209609 0.163548 0.0495515 -0.0625639 -0.101382 -0.0561711 0.00875414 0.0640319 0.0611133 0.0876022 0.0989518 0.100695 0.00729209 -0.018485 -0.00952252 0.0369564 0.00367104 -0.799268 -0.0587045 -0.0263049 -0.0651308 -0.0869524 -0.0609295 -0.0325339 -0.0218659 -0.0352821 -0.0331037 0.0128431 0.0180407 0.0399352 0.0230414 0.0389706 0.0474689 -0.0177914 -0.034429 -0.0269752 -0.0177693 -0.029909 -0.172321 -0.0511937 -0.0431397 -0.00923405 -0.0498546 -0.0368109
 -0.355825 0.235908 0.0925335 -0.129775 -0.099763 -0.0397131 0.0105024 0.287228 0.413395 0.255004 0.169321 0.038972 -0.10121 -0.133069 -0.131785 -0.108225 0.0711941 0.118718 0.111445 0.0221925 0.0788553 0.159013 1 0.176366 0.306684 0.307415 0.234929 0.057064 -0.1056 -0.163934 -0.101904 -0.0175191 0.0528944 0.0561702 0.0892176 0.118362 0.114945 0.00233075 -0.0377857 -0.0303235 0.0346727 -0.00382424 -0.048965 -0.808778 -0.0551738 -0.107633 -0.135679 -0.0900958 -0.0452062 -0.0326693 -0.0517522 -0.0480917 0.00600875 0.0123734 0.0447151 0.0240537 0.0460028 0.0557731 -0.0242575 -0.0476213 -0.0376572 -0.0249066 -0.0406283 -0.0390051 -0.096994 -0.0615728 -0.0174958 -0.0703527 -0.0516004
 -0.256464 0.155554 0.0721813 -0.0384399 -0.0385188 -0.0290864 0.00624161 0.225671 0.325967 0.201781 0.13596 0.0352111 -0.0815184 -0.119786 -0.101998 -0.0829113 0.0403225 0.0887913 0.086129 0.0154942 0.0562861 0.113107 0.176366 1 0.238311 0.23511 0.173126 0.0529273 -0.0648256 -0.10641 -0.0629091 -0.00921248 0.0363041 0.0398986 0.0708277 0.0953078 0.0941435 0.0250609 -0.0113693 -0.00872815 0.0387 0.0133318 -0.0151684 -0.0493119 -0.845241 -0.0636801 -0.080313 -0.0440534 -0.0350171 -0.025419 -0.0404025 -0.0375648 0.0036596 0.0083513 0.0342538 0.0190122 0.0356562 0.0429281 -0.0171459 -0.0365118 -0.0291345 -0.0188866 -0.0305111 -0.0275766 -0.0560027 -0.0658138 -0.0131416 -0.0542585 -0.0395846
 -0.491345 0.311904 0.0845868 -0.13511 -0.0732556 -0.0247862 0.0237742 0.382515 0.547785 0.342282 0.234671 0.0689741 -0.114038 -0.159331 -0.152614 -0.121206 0.095266 0.160027 0.153649 0.0392027 0.108101 0.205577 0.306684 0.238311 1 0.404426 0.306347 0.067574 -0.141704 -0.217516 -0.139381 -0.0361323 0.049574 0.0568414 0.0982642 0.140784 0.133071 0.00202485 -0.0522086 -0.0454295 0.0371442 -0.00756952 -0.05818 -0.120024 -0.0776112 -0.749239 -0.176948 -0.114358 -0.0389247 -0.029086 -0.0473506 -0.0438417 0.00183 0.00884698 0.0518504 0.0260833 0.0539536 0.0652102 -0.0180822 -0.0403583 -0.0322344 -0.0163571 -0.0314144 -0.0300953 -0.0651391 -0.0557574 -0.13491 -0.063377 -0.0461927
 -0.491496 0.328279 0.113525 -0.179824 -0.0938052 -0.0484597 0.020734 0.378623 0.542856 0.337741 0.229038 0.0618661 -0.119351 -0.155062 -0.160825 -0.129816 0.102188 0.15906 0.150734 0.0363801 0.107941 0.209609 0.307415 0.23511 0.404426 1 0.310408 0.0654338 -0.150857 -0.229477 -0.148006 -0.0372586 0.0542326 0.061227 0.0995082 0.143731 0.136309 -0.0105614 -0.0608457 -0.0520771 0.0330448 -0.0151693 -0.070734 -0.132358 -0.0850888 -0.154049 -0.741249 -0.129261 -0.0552895 -0.0399606 -0.06345 -0.0589972 0.0071216 0.0148826 0.055053 0.0288982 0.0577138 0.0697095 -0.0299205 -0.0580947 -0.0460308 -0.0300981 -0.0492536 -0.0467597 -0.088528 -0.0755059 -0.0214809 -0.129386 -0.0632654
 -0.356889 0.23233 0.0927244 -0.197109 -0.110344 -0.0401537 0.00595116 0.28391 0.409544 0.250878 0.165034 0.0326356 -0.107215 -0.12537 -0.142765 -0.118388 0.0821711 0.117062 0.107743 0.0179723 0.07793 0.163548 0.234929 0.173126 0.306347 0.310408 1 0.0604879 -0.103129 -0.16117 -0.0983825 -0.0138969 0.0579686 0.0599285 0.0882383 0.12606 0.123377 -0.00751409 -0.0362788 -0.0269875 0.0384382 -0.00317299 -0.0534855 -0.0944131 -0.0523431 -0.108235 -0.138825 -0.827865 -0.0452034 -0.0326777 -0.0518306 -0.0481437 0.00631831 0.0129244 0.0461011 0.0235846 0.0481777 0.0583515 -0.0256404 -0.0477704 -0.0376475 -0.0246172 -0.0408779 -0.0403318 -0.0725179 -0.0616818 -0.0180059 -0.0709393 -0.0881979
 -0.102788 0.0913172 -0.0186201 -0.0533449 0.0497642 0.0107898 -0.78195 0.0618586 0.0752941 0.0591074 0.0585091 0.0572464 0.0276571 0.0463315 0.0394092 0.0374918 0.0576515 0.0442379 0.0448816 0.0433101 0.0448492 0.0495515 0.057064 0.0529273 0.067574 0.0654338 0.0604879 1 -0.0557761 -0.0642781 -0.0578091 -0.0600682 -0.0808018 -0.0941535 -0.0980873 -0.0655517 -0.0525301 -0.059146 -0.0475974 -0.048694 -0.0479206 -0.0470375 -0.0460874 -0.0539048 -0.0516124 -0.058071 -0.0613372 -0.0553649 0.0424554 0.00594695 0.00984901 0.00956795 -0.00333809 -0.00587082 -0.0126284 -0.0110541 -0.00362119 -0.00750437 0.00143503 0.00974041 0.00776324 0.00504893 0.00726191 0.00503141 0.0143542 0.0123694 0.00163365 0.013493 0.00970894
 0.317992 -0.49707 -0.0883031 0.0601792 0.176403 0.0366141 0.0662826 -0.691833 -0.213211 -0.116226 -0.0475191 0.0563487 0.0649621 0.108263 0.133498 0.109748 0.0114573 -0.0412797 -0.0330126 0.0313356 -0.00906042 -0.0625639 -0.1056 -0.0648256 -0.141704 -0.150857 -0.103129 -0.0557761 1 0.370661 0.268734 0.0506773 -0.158116 -0.224578 -0.235922 -0.154694 -0.0702547 0.0567133 0.176315 0.161844 0.0523557 0.0994544 0.143352 0.240862 0.193107 0.25923 0.31555 0.219372 0.0422556 0.122132 0.0479932 0.0456513 -0.00846518 -0.01894 -0.0553383 -0.0384242 -0.0310684 -0.0470542 0.0152826 0.0450362 0.0355982 0.0216899 0.0347809 0.0290312 0.0683528 0.0585184 0.0136505 0.0659029 0.0479714
 0.474049 -0.702379 -0.128871 0.0955043 0.226657 0.051606 0.0765511 -0.208412 -0.571932 -0.179967 -0.0842255 0.0605766 0.0818121 0.137008 0.173562 0.141163 -0.000702148 -0.0707637 -0.0596941 0.030286 -0.0260602 -0.101382 -0.163934 -0.10641 -0.217516 -0.229477 -0.16117 -0.0642781 0.370661 1 0.381541 0.0833883 -0.197889 -0.286263 -0.300828 -0.198071 -0.0855042 0.0908305 0.251976 0.232516 0.0820852 0.146423 0.206276 0.342136 0.2762 0.368353 0.446439 0.312998 0.0622663 0.0437244 0.133989 0.0668513 -0.0105105 -0.0245212 -0.0729 -0.0503048 -0.0420667 -0.0631528 0.0248562 0.0664493 0.0524809 0.0338221 0.0527671 0.0442674 0.0999362 0.085579 0.0214418 0.0965545 0.0703844
 0.317043 -0.511572 -0.101881 0.0511173 0.147486 0.0414806 0.0704515 -0.134542 -0.21213 -0.727223 -0.0478404 0.0561312 0.0654889 0.110216 0.136641 0.111801 0.0161017 -0.0377319 -0.030774 0.0339401 -0.00500232 -0.0561711 -0.101904 -0.0629091 -0.139381 -0.148006 -0.0983825 -0.0578091 0.268734 0.381541 1 0.0568584 -0.155523 -0.226453 -0.236894 -0.157995 -0.0698411 0.0568449 0.180076 0.166692 0.0545653 0.100723 0.142258 0.245757 0.19914 0.266086 0.323217 0.222487 0.0494026 0.0345884 0.0557275 0.0741926 -0.00824215 -0.0190069 -0.0556142 -0.0390166 -0.0314942 -0.0476736 0.0194319 0.0525689 0.0416459 0.0272974 0.0417221 0.0337693 0.0789443 0.0676971 0.0167159 0.0761546 0.0554305
 0.098852 -0.109174 -0.0161799 0.00642785 -0.0612012 -0.0107152 0.0478212 -0.0353323 -0.0638479 -0.0322469 -0.6019 0.0238296 0.0274356 0.0462178 0.066173 0.0512227 0.0241543 0.00552231 0.00329697 0.02809 0.019194 0.00875414 -0.0175191 -0.00921248 -0.0361323 -0.0372586 -0.0138969 -0.0600682 0.0506773 0.0833883 0.0568584 1 -0.06917 -0.10738 -0.106159 -0.094527 -0.0533029 -0.0166437 0.019312 0.0193737 -0.0160393 -0.00688111 -0.0025468 0.0390047 0.0306672 0.0500703 0.063949 0.0306194 0.00482805 0.00426363 0.00859853 0.00839857 0.0629325 0.000540812 -0.0197118 -0.0119896 -0.010255 -0.0164993 -0.00372154 0.00434165 0.00406703 -0.00288884 -0.00162779 -0.00695382 0.0111497 0.0101176 0.00226679 0.0104238 0.00697663
 -0.0764902 0.271414 0.0327839 -0.0466041 -0.218823 -0.0334842 0.0348533 0.0458145 0.0558532 0.0362207 0.0176307 -0.532052 0.000447344 0.00354915 0.0149093 0.00772733 0.038223 0.0424928 0.0329178 0.0269082 0.0417612 0.0640319 0.0528944 0.0363041 0.049574 0.0542326 0.0579686 -0.0808018 -0.158116 -0.197889 -0.155523 -0.06917 1 -0.0349702 -0.0255673 -0.0621447 -0.0594847 -0.100436 -0.136926 -0.1259 -0.09441 -0.116286 -0.142668 -0.158851 -0.133894 -0.157977 -0.182117 -0.154418 -0.0197213 -0.0129814 -0.018462 -0.0170265 0.00952759 0.076391 0.00489007 0.00523724 0.00403113 0.00477913 -0.0158291 -0.0223968 -0.0166539 -0.0180173 -0.024876 -0.0297291 -0.0273547 -0.0225964 -0.00673635 -0.0270253 -0.0206344
 -0.0959233 0.391215 0.0865237 -0.0407488 -0.183839 -0.0425486 0.0293565 0.0534761 0.0686467 0.0442084 0.0237628 0.00522376 -0.299004 -0.00129805 0.00634608 0.00140755 0.0349535 0.0422022 0.0340894 0.0245167 0.0393355 0.0611133 0.0561702 0.0398986 0.0568414 0.061227 0.0599285 -0.0941535 -0.224578 -0.286263 -0.226453 -0.10738 -0.0349702 1 -0.0284392 -0.0655928 -0.0749401 -0.128593 -0.185109 -0.174468 -0.125335 -0.150541 -0.177062 -0.217554 -0.188742 -0.223112 -0.256467 -0.206889 -0.0475846 -0.0342864 -0.049728 -0.0458874 0.00489465 0.00723117 0.184474 0.00591133 0.00431637 0.00576073 -0.0331589 -0.0523618 -0.0403252 -0.039964 -0.0531869 -0.0519 -0.0693009 -0.0588907 -0.0212882 -0.0679583 -0.0506218
 -0.17506 0.410733 0.066679 0.0197574 -0.23268 -0.0311443 0.0479678 0.0959235 0.12466 0.0827288 0.0511994 0.0213363 0.00895805 -0.438419 0.0219683 0.0167599 0.0410663 0.0687001 0.0602527 0.0431085 0.0614147 0.0876022 0.0892176 0.0708277 0.0982642 0.0995082 0.0882383 -0.0980873 -0.235922 -0.300828 -0.236894 -0.106159 -0.0255673 -0.0284392 1 -0.0694121 -0.0800419 -0.121696 -0.194881 -0.18353 -0.130836 -0.157455 -0.185024 -0.225978 -0.197653 -0.231813 -0.264998 -0.210782 -0.0366402 -0.0266003 -0.0384541 -0.0353328 0.00385174 0.00614354 0.00606072 0.125228 0.00252571 0.00425792 -0.0242751 -0.0406717 -0.0310858 -0.030674 -0.0415607 -0.0424573 -0.0534351 -0.0453667 -0.0163641 -0.052252 -0.0389915
 -0.241761 0.273678 0.0540338 -0.138564 -0.020049 -0.0245137 0.0548766 0.129357 0.171336 0.118028 0.0941303 0.0592201 0.0132634 0.0364656 -0.677068 0.0125384 0.0887016 0.0783042 0.0741162 0.0523459 0.0704008 0.0989518 0.118362 0.0953078 0.140784 0.143731 0.12606 -0.0655517 -0.154694 -0.198071 -0.157995 -0.094527 -0.0621447 -0.0655928 -0.0694121 1 -0.0471367 -0.108825 -0.120707 -0.115567 -0.0825897 -0.0989727 -0.116751 -0.150896 -0.128703 -0.158733 -0.182804 -0.150402 -0.0293779 -0.0215035 -0.0312439 -0.0287352 0.00123506 0.00188946 0.000354117 -0.00197874 0.114375 0.00728732 -0.0235895 -0.0320101 -0.0248046 -0.0242734 -0.0325744 -0.0312947 -0.0432823 -0.0367386 -0.0146138 -0.0429298 -0.0320183
 -0.221525 0.121855 0.108911 -0.138297 -0.0218551 -0.0525313 0.0662496 0.122264 0.158297 0.112066 0.0923183 0.0658414 0.0182936 0.0477192 0.0231256 -0.785005 0.0950617 0.0797952 0.0754589 0.0594077 0.0750988 0.100695 0.114945 0.0941435 0.133071 0.136309 0.123377 -0.0525301 -0.0702547 -0.0855042 -0.0698411 -0.0533029 -0.0594847 -0.0749401 -0.0800419 -0.0471367 1 -0.0743617 -0.0589151 -0.0550601 -0.046332 -0.0556925 -0.0689731 -0.0747574 -0.0604596 -0.074582 -0.0870659 -0.0812591 -0.0600801 -0.0435248 -0.0628851 -0.0580273 0.00332178 0.00410521 -0.00436922 -0.0032 0.00649874 0.24278 -0.0455975 -0.0653155 -0.0508135 -0.0514002 -0.0666861 -0.0613664 -0.087141 -0.0742304 -0.0282431 -0.0858346 -0.0638153
 0.0179285 -0.120187 -0.0319366 0.16732 0.0754658 0.0278422 0.0709286 0.00821937 -0.00654832 0.0139097 0.0335544 0.0704736 0.0601614 0.0478381 0.103797 0.0916056 -0.849196 0.0252654 0.0323289 0.053382 0.0340214 0.00729209 0.00233075 0.0250609 0.00202485 -0.0105614 -0.00751409 -0.059146 0.0567133 0.0908305 0.0568449 -0.0166437 -0.100436 -0.128593 -0.121696 -0.108825 -0.0743617 1 0.0306117 0.0217926 -0.0175177 0.00591906 0.0326577 0.0604735 0.0334917 0.062579 0.0867034 0.0642902 0.0152505 0.0091777 0.0162866 0.0159766 -0.0100038 -0.0151539 -0.031212 -0.0190511 -0.0213297 -0.0298919 0.163385 0.016188 0.0127104 0.00597525 0.0116226 0.0113452 0.0251788 0.0210607 0.00261062 0.0246159 0.0181078
 0.141204 -0.336487 -0.0706625 0.0297103 0.174792 0.0388305 0.0687024 -0.0510151 -0.0912956 -0.0388034 0.00587627 0.0714372 0.0593727 0.0931354 0.1077 0.0928757 0.0341037 -0.858891 0.003845 0.0433835 0.0163569 -0.018485 -0.0377857 -0.0113693 -0.0522086 -0.0608457 -0.0362788 -0.0475974 0.176315 0.251976 0.180076 0.019312 -0.136926 -0.185109 -0.194881 -0.120707 -0.0589151 0.0306117 1 0.108268 0.0307471 0.0660987 0.100149 0.164177 0.12903 0.174133 0.214546 0.148829 0.0348412 0.0234716 0.0381251 0.0364008 -0.0106157 -0.0187902 -0.0437052 -0.0318318 -0.023417 -0.0359183 0.0132543 0.132982 0.0293479 0.0193949 0.029985 0.0262298 0.0551347 0.0470104 0.0098151 0.053084 0.0387735
 0.129041 -0.310008 -0.0654434 0.00545073 0.132249 0.0318941 0.0669297 -0.0454515 -0.083007 -0.035278 0.00470951 0.0647285 0.0534272 0.0889826 0.0997809 0.0850108 0.038449 0.000114921 -0.836051 0.0420488 0.0192277 -0.00952252 -0.0303235 -0.00872815 -0.0454295 -0.0520771 -0.0269875 -0.048694 0.161844 0.232516 0.166692 0.0193737 -0.1259 -0.174468 -0.18353 -0.115567 -0.0550601 0.0217926 0.108268 1 0.0263969 0.0569548 0.0847468 0.147887 0.118166 0.158896 0.195172 0.131671 0.0318895 0.0217438 0.0353962 0.0337966 -0.00808154 -0.0156551 -0.0398369 -0.0291956 -0.0207219 -0.0322769 0.0111677 0.0339777 0.0883118 0.0173303 0.0266656 0.0218832 0.0507838 0.0434733 0.0092752 0.048781 0.0354907
 -0.0349571 -0.106437 -0.0269944 -0.0363235 0.0714689 0.0286723 0.064902 0.0326952 0.029775 0.0337553 0.0467833 0.0668646 0.040661 0.0665401 0.067298 0.0601576 0.058397 0.0356627 0.0376061 -0.855221 0.0428249 0.0369564 0.0346727 0.0387 0.0371442 0.0330448 0.0384382 -0.0479206 0.0523557 0.0820852 0.0545653 -0.0160393 -0.09441 -0.125335 -0.130836 -0.0825897 -0.046332 -0.0175177 0.0307471 0.0263969 1 0.00640698 0.0176293 0.0453643 0.0341262 0.0491475 0.0644292 0.0357562 0.0134668 0.00749809 0.0134354 0.013456 -0.0106957 -0.0150416 -0.0261762 -0.0207012 -0.0125025 -0.0197538 0.00187967 0.0140289 0.0112576 0.163461 0.00976931 0.00717772 0.0210587 0.017879 -0.000239824 0.0197495 0.014237
 0.0488945 -0.194038 -0.0467043 0.0187599 0.14309 0.0414496 0.0629353 -0.00820121 -0.0282365 -0.000981907 0.0277655 0.0693817 0.0506241 0.0748844 0.0858171 0.0761195 0.0393099 0.013848 0.0198968 0.0442315 -0.837232 0.00367104 -0.00382424 0.0133318 -0.00756952 -0.0151693 -0.00317299 -0.0470375 0.0994544 0.146423 0.100723 -0.00688111 -0.116286 -0.150541 -0.157455 -0.0989727 -0.0556925 0.00591906 0.0660987 0.0569548 0.00640698 1 0.0559368 0.0936741 0.0695924 0.0978096 0.12442 0.084383 0.0237479 0.0145169 0.0243042 0.0236462 -0.0140449 -0.020069 -0.0353592 -0.0265448 -0.0192471 -0.0289279 0.00839626 0.025328 0.019911 0.0131048 0.201646 0.0184812 0.0368341 0.0311268 0.00347503 0.0352648 0.0258105
 0.140682 -0.275909 -0.0563475 0.100157 0.240365 0.0581965 0.058933 -0.0535671 -0.091964 -0.0388283 0.00780672 0.0733813 0.0629298 0.0812098 0.106751 0.094817 0.0127594 -0.0120105 -0.000219031 0.03789 0.00561115 -0.799268 -0.048965 -0.0151684 -0.05818 -0.070734 -0.0534855 -0.0460874 0.143352 0.206276 0.142258 -0.0025468 -0.142668 -0.177062 -0.185024 -0.116751 -0.0689731 0.0326577 0.100149 0.0847468 0.0176293 0.0559368 1 0.14172 0.101966 0.144448 0.183273 0.135186 0.029108 0.0172863 0.0290636 0.0282815 -0.0207557 -0.0283595 -0.0467083 -0.0334829 -0.0281005 -0.0404695 0.0123876 0.0313925 0.0243417 0.0160782 0.0260638 0.26816 0.0449973 0.0376091 0.00376198 0.0434176 0.0320896
 0.270717 -0.459055 -0.0981003 0.111191 0.206939 0.0436913 0.0697126 -0.112977 -0.180504 -0.093524 -0.0291692 0.0677081 0.0716113 0.101279 0.137546 0.116158 0.00721963 -0.0319029 -0.0211967 0.0377814 -0.00337973 -0.0587045 -0.808778 -0.0493119 -0.120024 -0.132358 -0.0944131 -0.0539048 0.240862 0.342136 0.245757 0.0390047 -0.158851 -0.217554 -0.225978 -0.150896 -0.0747574 0.0604735 0.164177 0.147887 0.0453643 0.0936741 0.14172 1 0.176947 0.241287 0.296623 0.211712 0.048059 0.0335084 0.0536939 0.0508511 -0.00969034 -0.0201204 -0.0541063 -0.0371275 -0.0316349 -0.0472423 0.0211607 0.0516122 0.0405165 0.0272535 0.0422307 0.0374245 0.108066 0.065283 0.0166258 0.074152 0.0542811
 0.191919 -0.369251 -0.0801525 0.0281068 0.135374 0.0334241 0.0667808 -0.0755937 -0.126324 -0.0624684 -0.0136936 0.0605206 0.0570602 0.0935782 0.111353 0.0933455 0.0284118 -0.0131708 -0.00724482 0.0384875 0.0102046 -0.0263049 -0.0551738 -0.845241 -0.0776112 -0.0850888 -0.0523431 -0.0516124 0.193107 0.2762 0.19914 0.0306672 -0.133894 -0.188742 -0.197653 -0.128703 -0.0604596 0.0334917 0.12903 0.118166 0.0341262 0.0695924 0.101966 0.176947 1 0.190675 0.233339 0.1593 0.0389927 0.0272166 0.0438071 0.0415984 -0.00696698 -0.0155646 -0.044044 -0.0314994 -0.0238585 -0.0367486 0.0150879 0.0415912 0.0328904 0.0217591 0.0331554 0.0271471 0.0621574 0.0731622 0.0129851 0.0599155 0.0436303
 0.317555 -0.494179 -0.0686875 0.103495 0.175767 0.0177578 0.0690041 -0.13557 -0.212828 -0.115048 -0.0468225 0.0583722 0.0684541 0.103458 0.140079 0.115183 0.0040894 -0.0402831 -0.0310439 0.034079 -0.00826917 -0.0651308 -0.107633 -0.0636801 -0.749239 -0.154049 -0.108235 -0.058071 0.25923 0.368353 0.266086 0.0500703 -0.157977 -0.223112 -0.231813 -0.158733 -0.074582 0.062579 0.174133 0.158896 0.0491475 0.0978096 0.144448 0.241287 0.190675 1 0.31669 0.222958 0.0308441 0.0221102 0.0372014 0.0353882 -0.00391251 -0.0141443 -0.0541282 -0.0354197 -0.0304506 -0.0462984 0.00857137 0.0328762 0.0259872 0.0117119 0.0226264 0.0188871 0.052583 0.0450822 0.155972 0.0507894 0.0368453
 0.385791 -0.600057 -0.119561 0.15516 0.222164 0.053287 0.0769332 -0.166324 -0.259133 -0.141061 -0.0584951 0.0677293 0.0835854 0.11698 0.167808 0.139445 -0.00620031 -0.0530855 -0.0407089 0.0367452 -0.0157748 -0.0869524 -0.135679 -0.080313 -0.176948 -0.741249 -0.138825 -0.0613372 0.31555 0.446439 0.323217 0.063949 -0.182117 -0.256467 -0.264998 -0.182804 -0.0870659 0.0867034 0.214546 0.195172 0.0644292 0.12442 0.183273 0.296623 0.233339 0.31669 1 0.276934 0.0583827 0.0406823 0.0653797 0.0619584 -0.0116851 -0.0243471 -0.0664315 -0.0447759 -0.0402776 -0.0593328 0.025878 0.0625229 0.0491849 0.0326524 0.0507863 0.0444323 0.0931704 0.0795227 0.0201817 0.150257 0.0660943
 0.252546 -0.420388 -0.0919582 0.17384 0.207612 0.0416318 0.0698439 -0.104488 -0.168139 -0.0850817 -0.0239205 0.0698776 0.0754651 0.089658 0.141773 0.12085 -0.00472506 -0.0288817 -0.0166216 0.0399126 -0.00263418 -0.0609295 -0.0900958 -0.0440534 -0.114358 -0.129261 -0.827865 -0.0553649 0.219372 0.312998 0.222487 0.0306194 -0.154418 -0.206889 -0.210782 -0.150402 -0.0812591 0.0642902 0.148829 0.131671 0.0357562 0.084383 0.135186 0.211712 0.1593 0.222958 0.276934 1 0.0449316 0.0313263 0.0502967 0.0476013 -0.00954008 -0.0195544 -0.0524842 -0.0344344 -0.0324748 -0.047531 0.0211967 0.0483994 0.0378595 0.0250702 0.0397239 0.0365259 0.0718848 0.061169 0.0160068 0.069971 0.100121
 0.101578 -0.0914254 -0.476786 0.0324794 0.0332617 0.312214 -0.0519818 -0.046053 -0.0687874 -0.0454438 -0.0198768 0.00470342 0.0541692 0.0241711 0.0593669 0.0748727 -0.0174155 -0.0265969 -0.0241754 -0.00912092 -0.0206515 -0.0325339 -0.0452062 -0.0350171 -0.0389247 -0.0552895 -0.0452034 0.0424554 0.0422556 0.0622663 0.0494026 0.00482805 -0.0197213 -0.0475846 -0.0366402 -0.0293779 -0.0600801 0.0152505 0.0348412 0.0318895 0.0134668 0.0237479 0.029108 0.048059 0.0389927 0.0308441 0.0583827 0.0449316 1 0.131064 0.241219 0.218964 -0.162681 -0.180477 -0.186646 -0.219257 -0.208954 -0.212348 0.113764 0.257028 0.179143 0.174832 0.253122 0.204749 0.372193 0.306649 0.0265983 0.360734 0.244835
 0.0738461 -0.0642292 -0.289702 0.0236464 0.0234691 0.154838 -0.00856809 -0.102772 -0.0500668 -0.0330461 -0.0156337 0.00183648 0.0388877 0.0174254 0.0429092 0.0537403 -0.01187 -0.0186008 -0.0171734 -0.00523683 -0.0135192 -0.0218659 -0.0326693 -0.025419 -0.029086 -0.0399606 -0.0326777 0.00594695 0.122132 0.0437244 0.0345884 0.00426363 -0.0129814 -0.0342864 -0.0266003 -0.0215035 -0.0435248 0.0091777 0.0234716 0.0217438 0.00749809 0.0145169 0.0172863 0.0335084 0.0272166 0.0221102 0.0406823 0.0313263 0.131064 1 0.142181 0.126646 -0.108585 -0.1215 -0.142825 -0.167175 -0.159422 -0.160486 0.053809 0.14796 0.0974482 0.0930655 0.144537 0.112049 0.223241 0.182087 0.00615932 0.216319 0.141782
 0.117079 -0.102952 -0.513923 0.0371996 0.0344305 0.240832 -0.0138198 -0.0535935 -0.1128 -0.0525862 -0.025889 0.00128964 0.0565865 0.0251149 0.0629205 0.0785448 -0.0197191 -0.029829 -0.027612 -0.0093581 -0.0220996 -0.0352821 -0.0517522 -0.0404025 -0.0473506 -0.06345 -0.0518306 0.00984901 0.0479932 0.133989 0.0557275 0.00859853 -0.018462 -0.049728 -0.0384541 -0.0312439 -0.0628851 0.0162866 0.0381251 0.0353962 0.0134354 0.0243042 0.0290636 0.0536939 0.0438071 0.0372014 0.0653797 0.0502967 0.241219 0.142181 1 0.235897 -0.143416 -0.163578 -0.194555 -0.231348 -0.21979 -0.221633 0.11401 0.269654 0.185693 0.177835 0.263399 0.208497 0.397845 0.328563 0.0394014 0.386341 0.260275
 0.108828 -0.0974834 -0.464627 0.0344105 0.0311524 0.240751 -0.0129094 -0.0498272 -0.0739529 -0.0679113 -0.0238909 0.00141828 0.0525364 0.0232537 0.0583979 0.0729655 -0.0185059 -0.0278571 -0.025759 -0.00905343 -0.0208585 -0.0331037 -0.0480917 -0.0375648 -0.0438417 -0.0589972 -0.0481437 0.00956795 0.0456513 0.0668513 0.0741926 0.00839857 -0.0170265 -0.0458874 -0.0353328 -0.0287352 -0.0580273 0.0159766 0.0364008 0.0337966 0.013456 0.0236462 0.0282815 0.0508511 0.0415984 0.0353882 0.0619584 0.0476013 0.218964 0.126646 0.235897 1 -0.140917 -0.159208 -0.182885 -0.216354 -0.205876 -0.207939 0.103097 0.244622 0.168194 0.161735 0.239388 0.190052 0.360199 0.296929 0.0307035 0.34955 0.235231
 -0.0102132 0.0151001 0.248117 -0.00559572 -0.015831 -0.33112 0.00266897 0.00522753 0.00684571 0.00433866 -0.0506463 -0.00743089 -0.00405264 -0.0018297 -0.00331516 -0.00560142 0.00620931 0.00655771 0.00443161 0.0074541 0.00942111 0.0128431 0.00600875 0.0036596 0.00183 0.0071216 0.00631831 -0.00333809 -0.00846518 -0.0105105 -0.00824215 0.0629325 0.00952759 0.00489465 0.00385174 0.00123506 0.00332178 -0.0100038 -0.0106157 -0.00808154 -0.0106957 -0.0140449 -0.0207557 -0.00969034 -0.00696698 -0.00391251 -0.0116851 -0.00954008 -0.162681 -0.108585 -0.143416 -0.140917 1 0.0513361 -0.0245242 -0.0273833 -0.0262933 -0.0197095 -0.125687 -0.170051 -0.142906 -0.148697 -0.172906 -0.161792 -0.206724 -0.177868 -0.0535546 -0.200419 -0.157717
 -0.0239981 0.0344238 0.283973 -0.0111698 -0.0249044 -0.33732 0.00418919 0.0120392 0.0164083 0.0104346 0.000436271 -0.0721465 -0.00633518 -0.00314759 -0.00631529 -0.00892631 0.00923975 0.0104559 0.00785729 0.00895175 0.0124992 0.0180407 0.0123734 0.0083513 0.00884698 0.0148826 0.0129244 -0.00587082 -0.01894 -0.0245212 -0.0190069 0.000540812 0.076391 0.00723117 0.00614354 0.00188946 0.00410521 -0.0151539 -0.0187902 -0.0156551 -0.0150416 -0.020069 -0.0283595 -0.0201204 -0.0155646 -0.0141443 -0.0243471 -0.0195544 -0.180477 -0.1215 -0.163578 -0.159208 0.0513361 1 -0.0204028 -0.0219283 -0.0212803 -0.0145107 -0.136219 -0.189653 -0.157558 -0.16251 -0.191913 -0.177527 -0.234618 -0.201593 -0.0615577 -0.227697 -0.177164
 -0.0976018 0.099947 0.325006 -0.0329227 -0.0433618 -0.146037 0.0133675 0.0500522 0.0682443 0.0444775 0.0284624 0.00891335 -0.222202 -0.000727435 -0.00503036 -0.00378741 0.0251961 0.0297092 0.0266483 0.0170084 0.0261795 0.0399352 0.0447151 0.0342538 0.0518504 0.055053 0.0461011 -0.0126284 -0.0553383 -0.0729 -0.0556142 -0.0197118 0.00489007 0.184474 0.00606072 0.000354117 -0.00436922 -0.031212 -0.0437052 -0.0398369 -0.0261762 -0.0353592 -0.0467083 -0.0541063 -0.044044 -0.0541282 -0.0664315 -0.0524842 -0.186646 -0.142825 -0.194555 -0.182885 -0.0245242 -0.0204028 1 -0.0423059 -0.0418248 -0.0380008 -0.136098 -0.199253 -0.162999 -0.160203 -0.196578 -0.174239 -0.260431 -0.226303 -0.0995481 -0.254725 -0.194655
 -0.0529982 0.069113 0.389233 -2.31073e-05 -0.0357653 -0.15444 0.00871738 0.0271692 0.0369638 0.0242365 0.0132388 0.002236 -0.00255977 -0.095107 -0.00286187 -0.00408567 0.0108464 0.0175061 0.0155461 0.0110913 0.0160188 0.0230414 0.0240537 0.0190122 0.0260833 0.0288982 0.0235846 -0.0110541 -0.0384242 -0.0503048 -0.0390166 -0.0119896 0.00523724 0.00591133 0.125228 -0.00197874 -0.0032 -0.0190511 -0.0318318 -0.0291956 -0.0207012 -0.0265448 -0.0334829 -0.0371275 -0.0314994 -0.0354197 -0.0447759 -0.0344344 -0.219257 -0.167175 -0.231348 -0.216354 -0.0273833 -0.0219283 -0.0423059 1 -0.0396454 -0.0363923 -0.155767 -0.234966 -0.190184 -0.186673 -0.231464 -0.202213 -0.310426 -0.269168 -0.115523 -0.303516 -0.229725
 -0.101392 0.0585103 0.369189 -0.0488537 -0.0133464 -0.152627 0.0134827 0.0516426 0.0707947 0.0468041 0.0320507 0.0126161 -0.00227641 0.00376842 -0.216774 -0.0066547 0.0291982 0.0293302 0.0270298 0.0171863 0.0258465 0.0389706 0.0460028 0.0356562 0.0539536 0.0577138 0.0481777 -0.00362119 -0.0310684 -0.0420667 -0.0314942 -0.010255 0.00403113 0.00431637 0.00252571 0.114375 0.00649874 -0.0213297 -0.023417 -0.0207219 -0.0125025 -0.0192471 -0.0281005 -0.0316349 -0.0238585 -0.0304506 -0.0402776 -0.0324748 -0.208954 -0.159422 -0.21979 -0.205876 -0.0262933 -0.0212803 -0.0418248 -0.0396454 1 -0.0346475 -0.150257 -0.223569 -0.181558 -0.177947 -0.220153 -0.192963 -0.294838 -0.255762 -0.110559 -0.288432 -0.218896
