    unsorted:	 501184.0047 271164.7725 26891.90325 64833.59514 28.84888674 4113494.730 -2.121155332 248.4847787 110.7947959 68256.57399 0.3485256371 15.85571829 83.25503828 -0.2544263634 772.0203548 2148.283785 97.02718810 3013.710136 4007.265647 2809.552499 2889.418873 46107.80645 153222.8918 3099.336884 4.934802200e-07 4.275469508 203.9281655 382.6009896 2393.334010 44321.66063 20142.72811 20448.45724 21080.13093 18348.25949 3261.680610 4548.368061 5297.955308 61891.50431 24804.11287 5.421681319e-07 2734.573657 246495.2234 15689.99654 5216.722239 2662.032563 15082.15563 16476.34280 15478.88871 15369.26183 14423.67899 14767.27169 3668.108920 10586.60075 14182.63185 3345.019201 5101.381267 14375.62859 13664.03958 10669.76446 10245.99187 5693.513183 2941.698871 3606.491558 14053.75104 12959.92520 3820.494289 3940.759488 3501.409118 13805.39606 4530.985555 11273.17881 13309.52673 3748.744134 11960.51555 4420.701325 4256.534867 12253.62648 13426.40160 4131.501412 4649.473719 12703.84956 12595.86165 5465.092874 13271.24134 8837.591216 80667.86482 7860.062194 31984.61882 8410.469047 4776.736349 8247.758569 6816.455883 2304.999074 7605.456620 17288.75336 7262.715505 119994.6060 2501.964821 30651.14818 5413.407075 100064.1555 5592.138229 1311.709314 17914.64275 92155.81415 3968.311409 53004.21374 8170.538572 58514853.67 14985.32770 11549.77346 14579.31226 5794.551487 2595.443939 2532.190500 6413.485180 1834.647773 1392.110457 1531.158922 4976.462246 517.7711249 150.5557044 1660.121121 6127.041344 1942.670929 5984.566635 141.1919152 52643791.70 6523.059176 11144.16149 9468.143449 15832.89933 7351.650306 6789.774519 3193.105536 2232.863612 1719.774766 5482.356653 6918.147393 11700.95429 8044.232049 10812.89447 8806.238627 8507.031929 9686.288421 10970.60420 10394.09808 19478.87182 12425.65019 3764.503996
      sorted:	 -2.121155332 -0.2544263634 4.934802200e-07 5.421681319e-07 0.3485256371 4.275469508 15.85571829 28.84888674 83.25503828 97.02718810 110.7947959 141.1919152 150.5557044 203.9281655 248.4847787 382.6009896 517.7711249 772.0203548 1311.709314 1392.110457 1531.158922 1660.121121 1719.774766 1834.647773 1942.670929 2148.283785 2232.863612 2304.999074 2393.334010 2501.964821 2532.190500 2595.443939 2662.032563 2734.573657 2809.552499 2889.418873 2941.698871 3013.710136 3099.336884 3193.105536 3261.680610 3345.019201 3501.409118 3606.491558 3668.108920 3748.744134 3764.503996 3820.494289 3940.759488 3968.311409 4007.265647 4131.501412 4256.534867 4420.701325 4530.985555 4548.368061 4649.473719 4776.736349 4976.462246 5101.381267 5216.722239 5297.955308 5413.407075 5465.092874 5482.356653 5592.138229 5693.513183 5794.551487 5984.566635 6127.041344 6413.485180 6523.059176 6789.774519 6816.455883 6918.147393 7262.715505 7351.650306 7605.456620 7860.062194 8044.232049 8170.538572 8247.758569 8410.469047 8507.031929 8806.238627 8837.591216 9468.143449 9686.288421 10245.99187 10394.09808 10586.60075 10669.76446 10812.89447 10970.60420 11144.16149 11273.17881 11549.77346 11700.95429 11960.51555 12253.62648 12425.65019 12595.86165 12703.84956 12959.92520 13271.24134 13309.52673 13426.40160 13664.03958 13805.39606 14053.75104 14182.63185 14375.62859 14423.67899 14579.31226 14767.27169 14985.32770 15082.15563 15369.26183 15478.88871 15689.99654 15832.89933 16476.34280 17288.75336 17914.64275 18348.25949 19478.87182 20142.72811 20448.45724 21080.13093 24804.11287 26891.90325 30651.14818 31984.61882 44321.66063 46107.80645 53004.21374 61891.50431 64833.59514 68256.57399 80667.86482 92155.81415 100064.1555 119994.6060 153222.8918 246495.2234 271164.7725 501184.0047 4113494.730 52643791.70 58514853.67
